Region: 00  | Segments: 48    | Area: 510176.066
 S           | A               | B               | E           | Color
 340.5,-157.5| 379.501,-157.667| 418.501,-157.500| 457.5,-157.0|black
 457.5,-157.0| 482.544,-155.958| 507.544,-154.291| 532.5,-152.0|red
 532.5,-152.0| 568.061,-148.642| 596.894,-133.142| 619.0,-105.5|orange
 619.0,-105.5| 624.914, -97.340| 630.581, -89.007| 636.0, -80.5|yellow
 636.0, -80.5| 650.195, -52.776| 663.862, -24.776| 677.0,   3.5|green
 677.0,   3.5| 680.635,   9.965| 684.468,  16.298| 688.5,  22.5|blue
 688.5,  22.5| 679.520,  23.050| 670.520,  23.217| 661.5,  23.0|pink
 661.5,  23.0| 657.898,  24.273| 656.732,  26.773| 658.0,  30.5|red
 658.0,  30.5| 672.102,  33.119| 686.268,  35.619| 700.5,  38.0|orange
 700.5,  38.0| 728.038,  46.861| 749.871,  63.361| 766.0,  87.5|yellow
 766.0,  87.5| 789.866, 135.133| 782.699, 177.300| 744.5, 214.0|green
 744.5, 214.0| 730.830, 225.334| 716.330, 235.501| 701.0, 244.5|blue
 701.0, 244.5| 688.972, 269.246| 679.306, 294.912| 672.0, 321.5|pink
 672.0, 321.5| 666.675, 334.479| 659.342, 346.145| 650.0, 356.5|red
 650.0, 356.5| 621.402, 386.776| 588.569, 411.276| 551.5, 430.0|orange
 551.5, 430.0| 500.621, 454.606| 449.621, 478.939| 398.5, 503.0|yellow
 398.5, 503.0| 376.654, 516.426| 354.320, 529.093| 331.5, 541.0|green
 331.5, 541.0| 325.459, 543.760| 319.126, 545.427| 312.5, 546.0|blue
 312.5, 546.0| 296.472, 546.154| 280.472, 546.821| 264.5, 548.0|pink
 264.5, 548.0| 241.197, 554.323| 218.197, 561.656| 195.5, 570.0|red
 195.5, 570.0| 135.167, 586.367|  73.834, 592.033|  11.5, 587.0|orange
  11.5, 587.0| -13.595, 584.726| -37.595, 578.393| -60.5, 568.0|yellow
 -60.5, 568.0| -97.771, 546.637|-112.605, 514.471|-105.0, 471.5|green
-105.0, 471.5| -98.870, 428.997| -94.203, 386.330| -91.0, 343.5|blue
 -91.0, 343.5| -88.797, 311.138| -89.131, 278.805| -92.0, 246.5|pink
 -92.0, 246.5| -94.925, 218.658|-105.925, 194.658|-125.0, 174.5|red
-125.0, 174.5|-140.286, 152.079|-145.619, 127.412|-141.0, 100.5|orange
-141.0, 100.5|-137.606,  87.709|-131.606,  76.376|-123.0,  66.5|yellow
-123.0,  66.5|-110.299,  53.467| -97.966,  40.134| -86.0,  26.5|green
 -86.0,  26.5| -79.390,  17.280| -74.390,   7.280| -71.0,  -3.5|blue
 -71.0,  -3.5| -70.000, -14.500| -69.000, -25.500| -68.0, -36.5|pink
 -68.0, -36.5| -67.116, -44.165| -64.116, -50.831| -59.0, -56.5|red
 -59.0, -56.5| -36.310, -80.438|  -9.477, -98.271|  21.5,-110.0|orange
  21.5,-110.0|  33.967,-114.617|  46.634,-118.617|  59.5,-122.0|yellow
  59.5,-122.0|  72.091,-123.895|  84.757,-124.729|  97.5,-124.5|green
  97.5,-124.5| 124.530,-123.573| 151.530,-122.073| 178.5,-120.0|blue
 178.5,-120.0| 202.245,-119.115| 225.912,-120.115| 249.5,-123.0|pink
 249.5,-123.0| 273.785,-126.992| 298.118,-130.659| 322.5,-134.0|red
 322.5,-134.0| 382.334,-142.500| 438.001,-131.167| 489.5,-100.0|orange
 489.5,-100.0| 517.412, -81.459| 545.578, -63.293| 574.0, -45.5|yellow
 574.0, -45.5| 578.721, -48.382| 579.721, -52.382| 577.0, -57.5|green
 577.0, -57.5| 547.187, -84.297| 514.354,-106.797| 478.5,-125.0|blue
 478.5,-125.0| 441.540,-142.059| 402.706,-150.559| 362.0,-150.5|pink
 362.0,-150.5| 341.225,-148.646| 320.392,-146.813| 299.5,-145.0|red
 299.5,-145.0| 272.206,-141.338| 244.873,-138.005| 217.5,-135.0|orange
 217.5,-135.0| 195.491,-133.113| 173.491,-133.113| 151.5,-135.0|yellow
 151.5,-135.0| 181.218,-138.590| 210.885,-142.590| 240.5,-147.0|green
 240.5,-147.0| 274.051,-149.864| 307.384,-153.364| 340.5,-157.5|blue


Region: 01  | Segments: 18    | Area: 6437.819
 S           | A               | B               | E           | Color
 330.5,-117.5| 408.642,-121.837| 478.308,-100.004| 539.5, -52.0|black
 539.5, -52.0| 547.539, -45.628| 554.539, -38.295| 560.5, -30.0|red
 560.5, -30.0| 559.663, -28.989| 559.330, -27.822| 559.5, -26.5|orange
 559.5, -26.5| 556.375, -26.865| 553.375, -27.698| 550.5, -29.0|yellow
 550.5, -29.0| 497.470, -71.359| 437.137, -97.025| 369.5,-106.0|green
 369.5,-106.0| 349.165,-107.981| 328.832,-107.981| 308.5,-106.0|blue
 308.5,-106.0| 282.775,-102.388| 257.108, -98.388| 231.5, -94.0|pink
 231.5, -94.0| 200.605, -89.607| 169.605, -88.607| 138.5, -91.0|red
 138.5, -91.0| 115.216, -94.017|  91.883, -96.517|  68.5, -98.5|orange
  68.5, -98.5|  60.759, -98.370|  53.092, -97.537|  45.5, -96.0|yellow
  45.5, -96.0|  38.562, -93.520|  31.562, -91.353|  24.5, -89.5|green
  24.5, -89.5|  23.424, -95.512|  25.758,-100.012|  31.5,-103.0|blue
  31.5,-103.0|  35.281,-105.225|  39.281,-106.891|  43.5,-108.0|pink
  43.5,-108.0|  50.735,-108.698|  57.902,-109.532|  65.0,-110.5|red
  65.0,-110.5|  89.245,-108.378| 113.411,-105.211| 137.5,-101.0|orange
 137.5,-101.0| 159.857, -99.011| 182.191, -99.345| 204.5,-102.0|yellow
 204.5,-102.0| 236.833,-106.333| 269.166,-110.667| 301.5,-115.0|green
 301.5,-115.0| 311.322,-115.819| 320.989,-116.652| 330.5,-117.5|blue


Region: 02  | Segments: 11    | Area: 2304.777
 S           | A               | B               | E           | Color
 346.5, -85.5| 378.454, -86.441| 410.121, -83.941| 441.5, -78.0|black
 441.5, -78.0| 465.796, -72.849| 487.796, -62.849| 507.5, -48.0|red
 507.5, -48.0| 515.343, -41.498| 521.677, -33.832| 526.5, -25.0|orange
 526.5, -25.0| 525.663, -23.989| 525.330, -22.822| 525.5, -21.5|yellow
 525.5, -21.5| 523.146, -21.838| 520.813, -22.338| 518.5, -23.0|green
 518.5, -23.0| 497.802, -43.691| 473.136, -57.691| 444.5, -65.0|blue
 444.5, -65.0| 428.403, -69.286| 412.070, -72.286| 395.5, -74.0|pink
 395.5, -74.0| 368.147, -75.593| 340.814, -77.260| 313.5, -79.0|red
 313.5, -79.0| 312.359, -79.741| 312.359, -80.575| 313.5, -81.5|orange
 313.5, -81.5| 314.729, -82.281| 316.062, -82.781| 317.5, -83.0|yellow
 317.5, -83.0| 327.322, -83.819| 336.989, -84.652| 346.5, -85.5|green


Region: 03  | Segments: 08    | Area: 2201.923
 S           | A               | B               | E           | Color
 100.5, -75.5| 120.274, -76.019| 139.940, -74.852| 159.5, -72.0|black
 159.5, -72.0| 166.273, -70.854| 172.606, -68.520| 178.5, -65.0|red
 178.5, -65.0| 187.486, -57.337| 186.153, -54.004| 174.5, -55.0|orange
 174.5, -55.0| 139.852, -64.194| 104.852, -65.860|  69.5, -60.0|yellow
  69.5, -60.0|  44.927, -54.654|  27.093, -40.821|  16.0, -18.5|green
  16.0, -18.5|  12.326, -24.410|  11.992, -30.744|  15.0, -37.5|blue
  15.0, -37.5|  18.725, -45.892|  24.559, -52.392|  32.5, -57.0|pink
  32.5, -57.0|  53.842, -68.500|  76.508, -74.666| 100.5, -75.5|red


Region: 04  | Segments: 06    | Area: 649.910
 S           | A               | B               | E           | Color
 326.5, -73.5| 328.487, -72.836| 330.154, -71.669| 331.5, -70.0|black
 331.5, -70.0| 324.578, -63.082| 318.411, -55.582| 313.0, -47.5|red
 313.0, -47.5| 308.821, -38.610| 306.154, -29.277| 305.0, -19.5|orange
 305.0, -19.5| 303.126, -17.224| 301.459, -17.557| 300.0, -20.5|yellow
 300.0, -20.5| 296.345, -34.914| 298.345, -48.581| 306.0, -61.5|green
 306.0, -61.5| 311.773, -67.465| 318.607, -71.465| 326.5, -73.5|blue


Region: 05  | Segments: 06    | Area: 652.826
 S           | A               | B               | E           | Color
 153.5, -42.5| 164.533, -45.121| 171.700, -41.121| 175.0, -30.5|black
 175.0, -30.5| 178.435, -15.096| 178.268,   0.238| 174.5,  15.5|red
 174.5,  15.5| 172.799,  15.966| 171.299,  15.966| 170.0,  15.5|orange
 170.0,  15.5| 168.261,   4.236| 166.928,  -7.098| 166.0, -18.5|yellow
 166.0, -18.5| 164.216, -26.283| 160.049, -32.450| 153.5, -37.0|green
 153.5, -37.0| 152.851, -38.690| 152.851, -40.523| 153.5, -42.5|blue


Region: 06  | Segments: 26    | Area: 11427.325
 S           | A               | B               | E           | Color
 403.5, -17.5| 438.580, -20.853| 471.246, -13.686| 501.5,   4.0|black
 501.5,   4.0| 516.135,  14.570| 526.135,  28.570| 531.5,  46.0|red
 531.5,  46.0| 526.676,  52.082| 520.343,  55.582| 512.5,  56.5|orange
 512.5,  56.5| 511.216,  43.099| 505.550,  31.932| 495.5,  23.0|yellow
 495.5,  23.0| 489.258,  21.630| 482.925,  21.130| 476.5,  21.5|green
 476.5,  21.5| 478.182,  27.822| 481.682,  33.155| 487.0,  37.5|blue
 487.0,  37.5| 490.419,  42.668| 493.585,  48.002| 496.5,  53.5|pink
 496.5,  53.5| 496.000,  53.833| 495.500,  54.167| 495.0,  54.5|red
 495.0,  54.5| 457.396,  43.506| 419.896,  44.006| 382.5,  56.0|orange
 382.5,  56.0| 370.046,  59.814| 357.879,  64.314| 346.0,  69.5|yellow
 346.0,  69.5| 339.404,  65.997| 334.904,  60.663| 332.5,  53.5|green
 332.5,  53.5| 336.192,  52.436| 339.858,  51.270| 343.5,  50.0|blue
 343.5,  50.0| 352.167,  45.333| 360.833,  40.667| 369.5,  36.0|pink
 369.5,  36.0| 376.996,  33.584| 384.662,  31.917| 392.5,  31.0|red
 392.5,  31.0| 393.624,  30.161| 394.291,  28.994| 394.5,  27.5|orange
 394.5,  27.5| 393.701,  20.669| 392.201,  14.003| 390.0,   7.5|yellow
 390.0,   7.5| 387.749,   3.874| 384.582,   2.707| 380.5,   4.0|green
 380.5,   4.0| 367.728,   9.258| 354.728,  13.924| 341.5,  18.0|blue
 341.5,  18.0| 332.570,  21.923| 325.070,  27.756| 319.0,  35.5|pink
 319.0,  35.5| 309.430,  51.197| 312.263,  64.197| 327.5,  74.5|red
 327.5,  74.5| 328.386,  75.325| 328.719,  76.325| 328.5,  77.5|orange
 328.5,  77.5| 324.661,  79.167| 320.661,  79.667| 316.5,  79.0|yellow
 316.5,  79.0| 304.034,  74.200| 295.201,  65.700| 290.0,  53.5|green
 290.0,  53.5| 287.242,  43.193| 289.242,  33.860| 296.0,  25.5|blue
 296.0,  25.5| 308.745,  12.869| 323.579,   3.369| 340.5,  -3.0|pink
 340.5,  -3.0| 360.923, -10.980| 381.923, -15.814| 403.5, -17.5|red


Region: 07  | Segments: 39    | Area: 12382.698
 S           | A               | B               | E           | Color
  73.5,   6.5| 112.958,   4.378| 148.291,  15.212| 179.5,  39.0|black
 179.5,  39.0| 181.126,  41.628| 183.126,  43.961| 185.5,  46.0|red
 185.5,  46.0| 192.476,  45.395| 199.476,  44.562| 206.5,  43.5|orange
 206.5,  43.5| 219.625,  44.244| 222.291,  49.744| 214.5,  60.0|yellow
 214.5,  60.0| 205.347,  64.329| 196.180,  68.495| 187.0,  72.5|green
 187.0,  72.5| 186.153,  89.845| 185.153, 107.179| 184.0, 124.5|blue
 184.0, 124.5| 173.252, 131.791| 162.419, 138.958| 151.5, 146.0|pink
 151.5, 146.0| 147.667, 149.833| 143.833, 153.667| 140.0, 157.5|red
 140.0, 157.5| 139.238, 163.000| 140.572, 168.000| 144.0, 172.5|orange
 144.0, 172.5| 153.167, 187.000| 165.000, 198.833| 179.5, 208.0|yellow
 179.5, 208.0| 182.030, 209.422| 184.697, 209.755| 187.5, 209.0|green
 187.5, 209.0| 193.657, 205.171| 200.157, 202.005| 207.0, 199.5|blue
 207.0, 199.5| 209.577, 200.271| 212.077, 201.271| 214.5, 202.5|pink
 214.5, 202.5| 211.861, 209.112| 208.694, 215.446| 205.0, 221.5|red
 205.0, 221.5| 196.779, 228.744| 187.613, 230.578| 177.5, 227.0|orange
 177.5, 227.0| 169.507, 223.675| 162.174, 219.341| 155.5, 214.0|yellow
 155.5, 214.0| 143.958, 202.792| 132.791, 191.292| 122.0, 179.5|green
 122.0, 179.5| 118.569, 181.261| 115.403, 183.428| 112.5, 186.0|blue
 112.5, 186.0| 109.269, 187.466| 105.935, 188.633| 102.5, 189.5|pink
 102.5, 189.5| 102.256, 184.372| 100.756, 179.705|  98.0, 175.5|red
  98.0, 175.5|  97.196, 174.196|  96.029, 173.529|  94.5, 173.5|orange
  94.5, 173.5|  91.803, 174.232|  89.136, 175.066|  86.5, 176.0|yellow
  86.5, 176.0|  78.525, 181.136|  70.192, 185.636|  61.5, 189.5|green
  61.5, 189.5|  60.792, 187.108|  61.458, 184.941|  63.5, 183.0|blue
  63.5, 183.0|  74.437, 176.393|  85.104, 169.393|  95.5, 162.0|pink
  95.5, 162.0| 118.050, 144.449| 140.884, 127.282| 164.0, 110.5|red
 164.0, 110.5| 164.667,  98.167| 164.667,  85.833| 164.0,  73.5|orange
 164.0,  73.5| 160.764,  70.129| 156.931,  67.629| 152.5,  66.0|yellow
 152.5,  66.0| 145.337,  63.376| 138.004,  61.376| 130.5,  60.0|green
 130.5,  60.0| 105.604,  56.453|  80.604,  53.953|  55.5,  52.5|blue
  55.5,  52.5|  55.500,  51.500|  55.500,  50.500|  55.5,  49.5|pink
  55.5,  49.5|  67.089,  43.543|  79.089,  38.377|  91.5,  34.0|red
  91.5,  34.0|  93.500,  32.333|  95.500,  30.667|  97.5,  29.0|orange
  97.5,  29.0|  78.947,  23.914|  61.280,  26.247|  44.5,  36.0|yellow
  44.5,  36.0|  40.633,  40.202|  36.467,  44.035|  32.0,  47.5|green
  32.0,  47.5|  28.435,  46.199|  24.935,  44.699|  21.5,  43.0|blue
  21.5,  43.0|  20.833,  42.000|  20.167,  41.000|  19.5,  40.0|pink
  19.5,  40.0|  22.420,  31.160|  27.753,  24.160|  35.5,  19.0|red
  35.5,  19.0|  47.187,  11.493|  59.854,   7.326|  73.5,   6.5|orange


Region: 08  | Segments: 10    | Area: 764.183
 S           | A               | B               | E           | Color
 543.5,  27.5| 552.391,  28.245| 561.058,  30.078| 569.5,  33.0|black
 569.5,  33.0| 575.196,  33.170| 580.862,  33.670| 586.5,  34.5|red
 586.5,  34.5| 584.905,  37.680| 583.905,  41.013| 583.5,  44.5|orange
 583.5,  44.5| 578.968,  45.763| 574.635,  47.597| 570.5,  50.0|yellow
 570.5,  50.0| 566.173,  53.499| 561.506,  56.499| 556.5,  59.0|green
 556.5,  59.0| 553.833,  59.667| 551.167,  59.667| 548.5,  59.0|blue
 548.5,  59.0| 546.783,  57.441| 544.783,  56.608| 542.5,  56.5|pink
 542.5,  56.5| 544.588,  51.882| 547.754,  47.882| 552.0,  44.5|red
 552.0,  44.5| 554.715,  37.317| 552.215,  32.651| 544.5,  30.5|orange
 544.5,  30.5| 543.614,  29.675| 543.281,  28.675| 543.5,  27.5|yellow


Region: 09  | Segments: 10    | Area: 2020.604
 S           | A               | B               | E           | Color
 -41.5,  35.5| -28.831,  35.767| -16.164,  36.100|  -3.5,  36.5|black
  -3.5,  36.5|  -3.500,  37.500|  -3.500,  38.500|  -3.5,  39.5|red
  -3.5,  39.5| -30.642,  37.496| -56.642,  41.996| -81.5,  53.0|orange
 -81.5,  53.0|-124.685,  75.503|-137.852, 110.003|-121.0, 156.5|yellow
-121.0, 156.5|-114.633, 170.935|-103.800, 180.102| -88.5, 184.0|green
 -88.5, 184.0| -80.672, 186.663| -75.338, 191.829| -72.5, 199.5|blue
 -72.5, 199.5| -88.984, 198.007|-102.817, 191.007|-114.0, 178.5|pink
-114.0, 178.5|-133.509, 153.464|-139.509, 125.464|-132.0,  94.5|red
-132.0,  94.5|-121.795,  66.633|-102.295,  48.800| -73.5,  41.0|orange
 -73.5,  41.0| -62.811,  38.453| -52.144,  36.620| -41.5,  35.5|yellow


Region: 10  | Segments: 08    | Area: 867.454
 S           | A               | B               | E           | Color
 648.5,  38.5| 661.438,  39.360| 674.438,  40.193| 687.5,  41.0|black
 687.5,  41.0| 704.029,  43.766| 719.029,  50.099| 732.5,  60.0|red
 732.5,  60.0| 738.081,  67.828| 743.415,  75.828| 748.5,  84.0|orange
 748.5,  84.0| 747.667,  85.500| 746.500,  86.667| 745.0,  87.5|yellow
 745.0,  87.5| 728.035,  64.244| 705.202,  50.411| 676.5,  46.0|green
 676.5,  46.0| 662.789,  45.243| 649.122,  44.076| 635.5,  42.5|blue
 635.5,  42.5| 633.431,  42.176| 633.098,  41.342| 634.5,  40.0|pink
 634.5,  40.0| 639.351,  39.826| 644.018,  39.326| 648.5,  38.5|red


Region: 11  | Segments: 15    | Area: 8314.741
 S           | A               | B               | E           | Color
 614.5,  56.5| 644.268,  54.105| 670.935,  61.938| 694.5,  80.0|black
 694.5,  80.0| 725.103, 110.985| 729.603, 145.485| 708.0, 183.5|red
 708.0, 183.5| 704.390, 190.272| 699.557, 195.938| 693.5, 200.5|orange
 693.5, 200.5| 690.072, 190.933| 690.238, 181.266| 694.0, 171.5|yellow
 694.0, 171.5| 710.753, 134.793| 702.586, 105.293| 669.5,  83.0|green
 669.5,  83.0| 653.576,  75.835| 636.909,  73.502| 619.5,  76.0|blue
 619.5,  76.0| 616.363,  76.601| 613.363,  77.601| 610.5,  79.0|pink
 610.5,  79.0| 591.052,  95.220| 568.719, 105.220| 543.5, 109.0|red
 543.5, 109.0| 516.062, 114.798| 488.729, 113.798| 461.5, 106.0|orange
 461.5, 106.0| 437.941,  99.276| 424.608,  83.776| 421.5,  59.5|yellow
 421.5,  59.5| 421.833,  58.833| 422.167,  58.167| 422.5,  57.5|green
 422.5,  57.5| 437.095,  62.793| 450.095,  70.626| 461.5,  81.0|blue
 461.5,  81.0| 483.280,  95.956| 506.613,  98.623| 531.5,  89.0|pink
 531.5,  89.0| 549.710,  79.728| 568.044,  70.728| 586.5,  62.0|red
 586.5,  62.0| 595.829,  59.394| 605.162,  57.560| 614.5,  56.5|orange


Region: 12  | Segments: 11    | Area: 1465.133
 S           | A               | B               | E           | Color
 -69.5,  61.5| -64.200,  62.926| -63.366,  65.592| -67.0,  69.5|black
 -67.0,  69.5| -74.000,  75.833| -81.000,  82.167| -88.0,  88.5|red
 -88.0,  88.5| -96.608,  97.396|-100.442, 108.062| -99.5, 120.5|orange
 -99.5, 120.5| -99.718, 127.968| -98.884, 135.301| -97.0, 142.5|yellow
 -97.0, 142.5| -91.802, 148.033| -86.302, 153.200| -80.5, 158.0|green
 -80.5, 158.0| -78.182, 159.993| -75.516, 161.159| -72.5, 161.5|blue
 -72.5, 161.5| -71.948, 163.331| -71.948, 164.997| -72.5, 166.5|pink
 -72.5, 166.5| -89.864, 171.232|-101.030, 164.899|-106.0, 147.5|red
-106.0, 147.5|-106.899, 140.027|-107.399, 132.527|-107.5, 125.0|orange
-107.5, 125.0|-106.754, 109.799|-105.588,  94.632|-104.0,  79.5|yellow
-104.0,  79.5| -92.675,  73.088| -81.175,  67.088| -69.5,  61.5|green


Region: 13  | Segments: 12    | Area: 3751.000
 S           | A               | B               | E           | Color
 -43.5,  82.5| -11.401,  81.922|  17.265,  91.422|  42.5, 111.0|black
  42.5, 111.0|  45.303, 111.755|  47.970, 111.422|  50.5, 110.0|red
  50.5, 110.0|  57.892, 102.787|  66.558,  99.287|  76.5,  99.5|orange
  76.5,  99.5|  78.182, 108.086|  76.516, 116.086|  71.5, 123.5|yellow
  71.5, 123.5|  59.728, 130.110|  47.062, 133.276|  33.5, 133.0|green
  33.5, 133.0|  26.833, 133.667|  20.167, 133.667|  13.5, 133.0|blue
  13.5, 133.0|  12.234, 132.691|  11.067, 132.191|  10.0, 131.5|pink
  10.0, 131.5|   4.048, 107.264| -11.119,  98.431| -35.5, 105.0|red
 -35.5, 105.0| -50.158, 107.565| -64.825, 110.065| -79.5, 112.5|orange
 -79.5, 112.5| -80.167, 112.167| -80.833, 111.833| -81.5, 111.5|yellow
 -81.5, 111.5| -78.628, 104.247| -74.628,  97.747| -69.5,  92.0|green
 -69.5,  92.0| -61.416,  86.771| -52.749,  83.605| -43.5,  82.5|blue


Region: 14  | Segments: 23    | Area: 14502.532
 S           | A               | B               | E           | Color
 615.5,  92.5| 619.230,  92.854| 622.563,  94.187| 625.5,  96.5|black
 625.5,  96.5| 629.837, 106.672| 629.671, 117.006| 625.0, 127.5|red
 625.0, 127.5| 621.941, 134.559| 617.108, 140.059| 610.5, 144.0|orange
 610.5, 144.0| 600.227, 146.536| 590.227, 149.869| 580.5, 154.0|yellow
 580.5, 154.0| 563.678, 165.746| 545.678, 175.413| 526.5, 183.0|green
 526.5, 183.0| 521.672, 186.581| 516.672, 189.915| 511.5, 193.0|blue
 511.5, 193.0| 495.481, 196.537| 479.481, 200.204| 463.5, 204.0|pink
 463.5, 204.0| 434.242, 214.086| 404.575, 222.753| 374.5, 230.0|red
 374.5, 230.0| 368.051, 232.391| 361.718, 235.058| 355.5, 238.0|orange
 355.5, 238.0| 326.136, 244.206| 296.803, 250.539| 267.5, 257.0|yellow
 267.5, 257.0| 252.577, 258.998| 237.577, 259.998| 222.5, 260.0|green
 222.5, 260.0| 206.072, 263.011| 189.572, 264.844| 173.0, 265.5|blue
 173.0, 265.5| 147.483, 264.115| 121.983, 261.949|  96.5, 259.0|pink
  96.5, 259.0|  86.227, 256.464|  76.227, 253.131|  66.5, 249.0|red
  66.5, 249.0|  63.240, 248.216|  60.073, 248.383|  57.0, 249.5|orange
  57.0, 249.5|  37.360, 241.680|  18.693, 232.013|   1.0, 220.5|yellow
   1.0, 220.5|  -4.338, 209.842|  -5.504, 198.842|  -2.5, 187.5|green
  -2.5, 187.5|   9.750, 200.580|  24.083, 210.747|  40.5, 218.0|blue
  40.5, 218.0|  95.735, 240.073| 153.069, 248.740| 212.5, 244.0|pink
 212.5, 244.0| 276.393, 239.527| 338.393, 226.194| 398.5, 204.0|red
 398.5, 204.0| 449.399, 185.050| 499.732, 164.716| 549.5, 143.0|orange
 549.5, 143.0| 569.102, 135.278| 588.602, 127.444| 608.0, 119.5|yellow
 608.0, 119.5| 610.041, 110.330| 612.541, 101.330| 615.5,  92.5|green


Region: 15  | Segments: 10    | Area: 1588.256
 S           | A               | B               | E           | Color
 749.5, 111.5| 751.229, 112.117| 752.729, 113.117| 754.0, 114.5|black
 754.0, 114.5| 755.356, 120.666| 756.522, 126.833| 757.5, 133.0|red
 757.5, 133.0| 754.701, 156.627| 750.868, 180.127| 746.0, 203.5|orange
 746.0, 203.5| 734.077, 214.411| 720.410, 222.411| 705.0, 227.5|yellow
 705.0, 227.5| 703.644, 226.620| 702.144, 226.286| 700.5, 226.5|green
 700.5, 226.5| 699.629, 223.938| 699.629, 221.272| 700.5, 218.5|blue
 700.5, 218.5| 711.815, 214.913| 720.982, 208.246| 728.0, 198.5|pink
 728.0, 198.5| 736.488, 185.042| 741.821, 170.375| 744.0, 154.5|red
 744.0, 154.5| 745.475, 140.536| 746.309, 126.536| 746.5, 112.5|orange
 746.5, 112.5| 747.791, 112.737| 748.791, 112.404| 749.5, 111.5|yellow


Region: 16  | Segments: 94    | Area: 50616.556
 S           | A               | B               | E           | Color
 -26.5, 122.5| -23.070, 122.107| -19.904, 122.773| -17.0, 124.5|black
 -17.0, 124.5| -13.896, 129.036| -12.230, 134.036| -12.0, 139.5|red
 -12.0, 139.5| -11.333, 146.833| -11.333, 154.167| -12.0, 161.5|orange
 -12.0, 161.5| -16.101, 174.907| -19.101, 188.573| -21.0, 202.5|yellow
 -21.0, 202.5| -22.339, 223.961| -21.339, 245.294| -18.0, 266.5|green
 -18.0, 266.5| -15.654, 271.513| -11.987, 275.179|  -7.0, 277.5|blue
  -7.0, 277.5|  -6.500, 277.167|  -6.000, 276.833|  -5.5, 276.5|pink
  -5.5, 276.5|  -1.936, 263.345|   0.731, 250.012|   2.5, 236.5|red
   2.5, 236.5|   8.130, 237.482|  13.130, 239.815|  17.5, 243.5|orange
  17.5, 243.5|  17.698, 257.717|  19.531, 271.717|  23.0, 285.5|yellow
  23.0, 285.5|  23.519, 286.516|  24.353, 287.182|  25.5, 287.5|green
  25.5, 287.5|  31.973, 288.428|  38.306, 289.928|  44.5, 292.0|blue
  44.5, 292.0|  46.500, 292.667|  48.500, 292.667|  50.5, 292.0|pink
  50.5, 292.0|  51.622, 288.582|  51.289, 285.249|  49.5, 282.0|red
  49.5, 282.0|  51.617, 274.592|  54.450, 267.426|  58.0, 260.5|orange
  58.0, 260.5|  59.333, 259.833|  60.667, 259.167|  62.0, 258.5|yellow
  62.0, 258.5|  67.544, 260.071|  73.044, 261.737|  78.5, 263.5|green
  78.5, 263.5|  77.182, 272.273|  74.848, 280.773|  71.5, 289.0|blue
  71.5, 289.0|  71.613, 290.280|  72.280, 291.113|  73.5, 291.5|pink
  73.5, 291.5|  84.246, 294.883|  95.246, 297.049| 106.5, 298.0|red
 106.5, 298.0| 120.496, 298.500| 134.496, 298.667| 148.5, 298.5|orange
 148.5, 298.5| 149.240, 290.188| 149.573, 281.854| 149.5, 273.5|yellow
 149.5, 273.5| 157.860, 273.169| 166.193, 273.502| 174.5, 274.5|green
 174.5, 274.5| 171.575, 280.608| 169.242, 286.941| 167.5, 293.5|blue
 167.5, 293.5| 167.590, 295.425| 168.590, 296.592| 170.5, 297.0|pink
 170.5, 297.0| 193.781, 298.459| 217.114, 298.959| 240.5, 298.5|red
 240.5, 298.5| 240.500, 288.833| 240.500, 279.167| 240.5, 269.5|orange
 240.5, 269.5| 246.833, 269.500| 253.167, 269.500| 259.5, 269.5|yellow
 259.5, 269.5| 259.500, 279.167| 259.500, 288.833| 259.5, 298.5|green
 259.5, 298.5| 273.504, 298.667| 287.504, 298.500| 301.5, 298.0|blue
 301.5, 298.0| 324.134, 294.632| 346.300, 289.466| 368.0, 282.5|pink
 368.0, 282.5| 367.809, 270.686| 366.309, 259.019| 363.5, 247.5|red
 363.5, 247.5| 370.355, 245.105| 377.355, 243.105| 384.5, 241.5|orange
 384.5, 241.5| 385.530, 251.294| 387.364, 260.961| 390.0, 270.5|yellow
 390.0, 270.5| 390.725, 271.059| 391.558, 271.392| 392.5, 271.5|green
 392.5, 271.5| 410.973, 265.381| 429.640, 259.881| 448.5, 255.0|blue
 448.5, 255.0| 466.857, 250.575| 482.357, 241.408| 495.0, 227.5|pink
 495.0, 227.5| 499.226, 221.716| 502.392, 215.382| 504.5, 208.5|red
 504.5, 208.5| 511.885, 205.974| 518.885, 202.641| 525.5, 198.5|orange
 525.5, 198.5| 526.498, 206.472| 526.831, 214.472| 526.5, 222.5|yellow
 526.5, 222.5| 548.468, 220.010| 569.135, 213.510| 588.5, 203.0|green
 588.5, 203.0| 601.230, 193.601| 611.063, 181.768| 618.0, 167.5|blue
 618.0, 167.5| 627.175, 157.991| 636.008, 148.157| 644.5, 138.0|pink
 644.5, 138.0| 647.167, 137.333| 649.833, 137.333| 652.5, 138.0|red
 652.5, 138.0| 662.804, 143.060| 672.304, 149.226| 681.0, 156.5|orange
 681.0, 156.5| 682.833, 160.167| 684.667, 163.833| 686.5, 167.5|yellow
 686.5, 167.5| 682.833, 167.833| 679.167, 168.167| 675.5, 168.5|green
 675.5, 168.5| 665.795, 167.722| 656.128, 166.888| 646.5, 166.0|blue
 646.5, 166.0| 634.419, 176.489| 631.086, 189.322| 636.5, 204.5|pink
 636.5, 204.5| 611.142, 218.178| 584.808, 229.678| 557.5, 239.0|red
 557.5, 239.0| 544.949, 244.554| 534.449, 252.721| 526.0, 263.5|orange
 526.0, 263.5| 524.725, 265.717| 523.725, 268.051| 523.0, 270.5|yellow
 523.0, 270.5| 523.742, 285.351| 517.909, 296.685| 505.5, 304.5|green
 505.5, 304.5| 502.585, 294.684| 500.418, 284.684| 499.0, 274.5|blue
 499.0, 274.5| 498.804, 272.714| 497.971, 271.381| 496.5, 270.5|pink
 496.5, 270.5| 466.636, 287.733| 434.970, 300.567| 401.5, 309.0|red
 401.5, 309.0| 399.202, 320.952| 400.702, 332.452| 406.0, 343.5|orange
 406.0, 343.5| 409.707, 350.414| 413.540, 357.248| 417.5, 364.0|yellow
 417.5, 364.0| 411.145, 368.848| 404.145, 372.681| 396.5, 375.5|green
 396.5, 375.5| 392.890, 365.611| 388.723, 355.944| 384.0, 346.5|blue
 384.0, 346.5| 380.567, 337.100| 378.233, 327.433| 377.0, 317.5|pink
 377.0, 317.5| 376.481, 316.484| 375.647, 315.818| 374.5, 315.5|red
 374.5, 315.5| 344.757, 330.103| 313.423, 339.437| 280.5, 343.5|orange
 280.5, 343.5| 279.359, 362.205| 280.026, 380.871| 282.5, 399.5|yellow
 282.5, 399.5| 275.278, 400.127| 268.278, 401.794| 261.5, 404.5|green
 261.5, 404.5| 260.066, 386.857| 259.066, 369.191| 258.5, 351.5|blue
 258.5, 351.5| 245.232, 353.987| 231.898, 356.153| 218.5, 358.0|pink
 218.5, 358.0| 205.863, 359.227| 193.197, 359.727| 180.5, 359.5|red
 180.5, 359.5| 181.488, 375.775| 184.155, 391.775| 188.5, 407.5|orange
 188.5, 407.5| 181.916, 407.733| 175.249, 407.733| 168.5, 407.5|yellow
 168.5, 407.5| 166.829, 385.009| 155.495, 369.843| 134.5, 362.0|green
 134.5, 362.0| 127.500, 361.333| 120.500, 361.333| 113.5, 362.0|blue
 113.5, 362.0| 110.766, 362.210| 108.266, 363.044| 106.0, 364.5|pink
 106.0, 364.5| 105.389, 368.682| 106.056, 372.682| 108.0, 376.5|red
 108.0, 376.5| 112.500, 386.167| 117.000, 395.833| 121.5, 405.5|orange
 121.5, 405.5| 120.667, 405.833| 119.833, 406.167| 119.0, 406.5|yellow
 119.0, 406.5| 111.147, 405.598| 103.314, 404.598|  95.5, 403.5|green
  95.5, 403.5|  92.961, 396.750|  90.128, 390.083|  87.0, 383.5|blue
  87.0, 383.5|  85.812, 378.049|  84.312, 372.716|  82.5, 367.5|pink
  82.5, 367.5|  75.066, 365.300|  67.733, 362.800|  60.5, 360.0|red
  60.5, 360.0|  57.183, 359.502|  53.850, 359.335|  50.5, 359.5|orange
  50.5, 359.5|  50.351, 362.607|  50.851, 365.607|  52.0, 368.5|yellow
  52.0, 368.5|  58.115, 376.391|  62.948, 385.058|  66.5, 394.5|green
  66.5, 394.5|  66.167, 394.833|  65.833, 395.167|  65.5, 395.5|blue
  65.5, 395.5|  56.340, 393.116|  47.007, 391.783|  37.5, 391.5|pink
  37.5, 391.5|  35.060, 373.763|  26.060, 360.763|  10.5, 352.5|red
  10.5, 352.5|  10.335, 355.850|  10.502, 359.183|  11.0, 362.5|orange
  11.0, 362.5|  14.191, 368.906|  16.691, 375.573|  18.5, 382.5|yellow
  18.5, 382.5|  11.282, 382.220|   5.116, 379.220|   0.0, 373.5|green
   0.0, 373.5|  -7.333, 364.167| -14.667, 354.833| -22.0, 345.5|blue
 -22.0, 345.5| -29.416, 332.999| -37.083, 320.665| -45.0, 308.5|pink
 -45.0, 308.5| -52.742, 296.273| -57.076, 282.940| -58.0, 268.5|red
 -58.0, 268.5| -61.784, 225.433| -52.784, 185.100| -31.0, 147.5|orange
 -31.0, 147.5| -30.284, 138.953| -28.784, 130.619| -26.5, 122.5|yellow


Region: 17  | Segments: 13    | Area: 2282.470
 S           | A               | B               | E           | Color
 312.5, 132.5| 327.683, 131.296| 341.683, 134.796| 354.5, 143.0|black
 354.5, 143.0| 357.000, 144.167| 358.833, 146.000| 360.0, 148.5|red
 360.0, 148.5| 360.652, 153.077| 361.485, 157.577| 362.5, 162.0|orange
 362.5, 162.0| 361.125, 170.480| 359.625, 178.980| 358.0, 187.5|yellow
 358.0, 187.5| 352.582, 203.795| 341.415, 209.462| 324.5, 204.5|green
 324.5, 204.5| 324.057, 198.328| 325.557, 192.662| 329.0, 187.5|blue
 329.0, 187.5| 334.333, 183.500| 339.000, 178.833| 343.0, 173.5|pink
 343.0, 173.5| 343.667, 170.500| 343.667, 167.500| 343.0, 164.5|red
 343.0, 164.5| 340.872, 161.370| 338.372, 158.537| 335.5, 156.0|orange
 335.5, 156.0| 324.581, 153.897| 313.581, 152.231| 302.5, 151.0|yellow
 302.5, 151.0| 299.990, 150.624| 297.657, 149.790| 295.5, 148.5|green
 295.5, 148.5| 297.372, 144.588| 299.372, 140.755| 301.5, 137.0|blue
 301.5, 137.0| 305.053, 134.879| 308.720, 133.379| 312.5, 132.5|pink


Region: 18  | Segments: 09    | Area: 817.857
 S           | A               | B               | E           | Color
 368.5, 134.5| 370.288, 134.215| 371.955, 134.548| 373.5, 135.5|black
 373.5, 135.5| 373.823, 141.643| 376.490, 146.476| 381.5, 150.0|red
 381.5, 150.0| 401.157, 150.535| 420.824, 151.201| 440.5, 152.0|orange
 440.5, 152.0| 445.922, 153.070| 448.089, 156.236| 447.0, 161.5|yellow
 447.0, 161.5| 446.000, 162.167| 445.000, 162.833| 444.0, 163.5|green
 444.0, 163.5| 439.709, 161.635| 435.209, 160.469| 430.5, 160.0|blue
 430.5, 160.0| 411.808, 159.855| 393.142, 159.188| 374.5, 158.0|pink
 374.5, 158.0| 368.615, 155.704| 365.615, 151.370| 365.5, 145.0|red
 365.5, 145.0| 366.435, 141.497| 367.435, 137.997| 368.5, 134.5|orange


Region: 19  | Segments: 07    | Area: 1455.479
 S           | A               | B               | E           | Color
 277.5, 167.5| 289.843, 168.798| 302.176, 170.465| 314.5, 172.5|black
 314.5, 172.5| 314.124, 180.188| 313.457, 187.854| 312.5, 195.5|red
 312.5, 195.5| 308.061, 193.298| 303.394, 191.798| 298.5, 191.0|orange
 298.5, 191.0| 281.157, 190.746| 263.823, 190.246| 246.5, 189.5|yellow
 246.5, 189.5| 244.500, 189.167| 242.500, 188.833| 240.5, 188.5|green
 240.5, 188.5| 242.142, 179.676| 247.142, 173.843| 255.5, 171.0|blue
 255.5, 171.0| 262.947, 169.657| 270.280, 168.491| 277.5, 167.5|pink


Region: 20  | Segments: 25    | Area: 18023.634
 S           | A               | B               | E           | Color
 604.5, 236.5| 605.376, 236.369| 606.043, 236.702| 606.5, 237.5|black
 606.5, 237.5| 589.657, 264.525| 571.823, 290.858| 553.0, 316.5|red
 553.0, 316.5| 523.152, 349.514| 487.985, 375.347| 447.5, 394.0|orange
 447.5, 394.0| 397.793, 416.428| 345.793, 430.762| 291.5, 437.0|yellow
 291.5, 437.0| 212.554, 446.570| 133.554, 445.904|  54.5, 435.0|green
  54.5, 435.0|  29.484, 431.773|   6.151, 423.773| -15.5, 411.0|blue
 -15.5, 411.0| -21.333, 406.500| -26.500, 401.333| -31.0, 395.5|pink
 -31.0, 395.5| -45.160, 373.190| -53.660, 348.856| -56.5, 322.5|red
 -56.5, 322.5| -55.500, 322.500| -54.500, 322.500| -53.5, 322.5|orange
 -53.5, 322.5| -51.653, 329.194| -48.486, 335.194| -44.0, 340.5|yellow
 -44.0, 340.5| -33.334, 354.979| -21.834, 368.813|  -9.5, 382.0|green
  -9.5, 382.0|   0.257, 391.714|  11.924, 398.048|  25.5, 401.0|blue
  25.5, 401.0|  37.243, 403.416|  49.077, 405.249|  61.0, 406.5|pink
  61.0, 406.5|  70.737, 409.393|  80.570, 411.893|  90.5, 414.0|red
  90.5, 414.0| 106.500, 415.667| 122.500, 417.333| 138.5, 419.0|orange
 138.5, 419.0| 175.973, 419.180| 213.306, 419.180| 250.5, 419.0|yellow
 250.5, 419.0| 260.056, 418.540| 269.390, 416.873| 278.5, 414.0|green
 278.5, 414.0| 305.001, 413.728| 331.001, 410.061| 356.5, 403.0|blue
 356.5, 403.0| 371.500, 398.000| 386.500, 393.000| 401.5, 388.0|pink
 401.5, 388.0| 420.270, 379.449| 438.603, 370.115| 456.5, 360.0|red
 456.5, 360.0| 475.167, 346.667| 493.833, 333.333| 512.5, 320.0|orange
 512.5, 320.0| 518.196, 313.438| 523.529, 306.605| 528.5, 299.5|yellow
 528.5, 299.5| 538.499, 292.905| 547.665, 285.238| 556.0, 276.5|green
 556.0, 276.5| 561.625, 268.085| 567.125, 259.585| 572.5, 251.0|blue
 572.5, 251.0| 582.643, 244.758| 593.309, 239.924| 604.5, 236.5|pink


Region: 21  | Segments: 10    | Area: 3152.856
 S           | A               | B               | E           | Color
 528.5, 388.5| 533.318, 389.296| 534.651, 391.962| 532.5, 396.5|black
 532.5, 396.5| 521.473, 400.231| 510.473, 404.065| 499.5, 408.0|red
 499.5, 408.0| 469.678, 422.744| 440.011, 437.744| 410.5, 453.0|orange
 410.5, 453.0| 363.615, 472.555| 314.948, 485.555| 264.5, 492.0|yellow
 264.5, 492.0| 258.833, 492.667| 253.167, 492.667| 247.5, 492.0|green
 247.5, 492.0| 237.438, 491.316| 237.104, 489.649| 246.5, 487.0|blue
 246.5, 487.0| 278.712, 484.424| 310.045, 477.758| 340.5, 467.0|pink
 340.5, 467.0| 358.060, 460.553| 375.393, 453.553| 392.5, 446.0|red
 392.5, 446.0| 420.260, 432.453| 448.260, 419.453| 476.5, 407.0|orange
 476.5, 407.0| 493.612, 399.909| 510.946, 393.742| 528.5, 388.5|yellow


Region: 22  | Segments: 13    | Area: 8575.237
 S           | A               | B               | E           | Color
 582.5, 389.5| 588.742, 391.480| 589.075, 394.313| 583.5, 398.0|black
 583.5, 398.0| 518.887, 436.770| 450.220, 466.437| 377.5, 487.0|red
 377.5, 487.0| 284.541, 514.938| 189.541, 529.438|  92.5, 530.5|orange
  92.5, 530.5|  64.679, 530.799|  37.012, 528.966|   9.5, 525.0|yellow
   9.5, 525.0|  -8.866, 521.659| -25.866, 514.992| -41.5, 505.0|green
 -41.5, 505.0| -49.148, 499.687| -54.982, 492.854| -59.0, 484.5|blue
 -59.0, 484.5| -59.498, 481.518| -59.665, 478.518| -59.5, 475.5|pink
 -59.5, 475.5| -56.689, 475.826| -54.022, 476.659| -51.5, 478.0|red
 -51.5, 478.0| -32.340, 492.579| -11.006, 502.912|  12.5, 509.0|orange
  12.5, 509.0|  45.632, 517.447|  79.298, 521.280| 113.5, 520.5|yellow
 113.5, 520.5| 222.304, 517.506| 327.304, 496.006| 428.5, 456.0|green
 428.5, 456.0| 460.953, 441.274| 493.287, 426.274| 525.5, 411.0|blue
 525.5, 411.0| 544.168, 402.654| 563.168, 395.487| 582.5, 389.5|pink


Region: 23  | Segments: 09    | Area: 1722.161
 S           | A               | B               | E           | Color
  -9.5, 442.5|  -2.737, 448.088|   3.930, 453.921|  10.5, 460.0|black
  10.5, 460.0|  26.722, 470.635|  44.388, 477.968|  63.5, 482.0|red
  63.5, 482.0|  80.395, 485.318|  97.395, 487.985| 114.5, 490.0|orange
 114.5, 490.0| 116.663, 490.245| 118.330, 491.245| 119.5, 493.0|yellow
 119.5, 493.0| 110.788, 494.766| 101.954, 495.933|  93.0, 496.5|green
  93.0, 496.5|  80.909, 495.424|  68.742, 494.591|  56.5, 494.0|blue
  56.5, 494.0|  39.263, 492.254|  23.263, 486.921|   8.5, 478.0|pink
   8.5, 478.0|  -3.600, 469.951| -10.100, 458.785| -11.0, 444.5|red
 -11.0, 444.5| -10.283, 443.956|  -9.783, 443.289|  -9.5, 442.5|orange


Region: 24  | Segments: 08    | Area: 1127.983
 S           | A               | B               | E           | Color
 126.5, 458.5| 164.097, 458.968| 201.763, 459.135| 239.5, 459.0|black
 239.5, 459.0| 242.833, 459.333| 246.167, 459.667| 249.5, 460.0|red
 249.5, 460.0| 250.641, 460.741| 250.641, 461.575| 249.5, 462.5|orange
 249.5, 462.5| 241.677, 464.645| 233.677, 465.812| 225.5, 466.0|yellow
 225.5, 466.0| 191.049, 469.242| 156.716, 469.575| 122.5, 467.0|green
 122.5, 467.0| 119.776, 466.730| 117.109, 466.230| 114.5, 465.5|blue
 114.5, 465.5| 113.534, 463.604| 113.201, 461.604| 113.5, 459.5|pink
 113.5, 459.5| 118.032, 459.818| 122.366, 459.485| 126.5, 458.5|red


total segments: 449
