Region: 00  | Segments: 48    | Area: 510176.066
S           | A               | B               | E           | Color
540.5,042.5 | 579.501,042.333 | 618.501,042.500 | 657.5,043.0 | black
657.5,043.0 | 682.544,044.042 | 707.544,045.709 | 732.5,048.0 | red
732.5,048.0 | 768.061,051.358 | 796.894,066.858 | 819.0,094.5 | orange
819.0,094.5 | 824.914,102.660 | 830.581,110.993 | 836.0,119.5 | yellow
836.0,119.5 | 850.195,147.224 | 863.862,175.224 | 877.0,203.5 | green
877.0,203.5 | 880.635,209.965 | 884.468,216.298 | 888.5,222.5 | blue
888.5,222.5 | 879.520,223.050 | 870.520,223.217 | 861.5,223.0 | pink
861.5,223.0 | 857.898,224.273 | 856.732,226.773 | 858.0,230.5 | red
858.0,230.5 | 872.102,233.119 | 886.268,235.619 | 900.5,238.0 | orange
900.5,238.0 | 928.038,246.861 | 949.871,263.361 | 966.0,287.5 | yellow
966.0,287.5 | 989.866,335.133 | 982.699,377.300 | 944.5,414.0 | green
944.5,414.0 | 930.830,425.334 | 916.330,435.501 | 901.0,444.5 | blue
901.0,444.5 | 888.972,469.246 | 879.306,494.912 | 872.0,521.5 | pink
872.0,521.5 | 866.675,534.479 | 859.342,546.145 | 850.0,556.5 | red
850.0,556.5 | 821.402,586.776 | 788.569,611.276 | 751.5,630.0 | orange
751.5,630.0 | 700.621,654.606 | 649.621,678.939 | 598.5,703.0 | yellow
598.5,703.0 | 576.654,716.426 | 554.320,729.093 | 531.5,741.0 | green
531.5,741.0 | 525.459,743.760 | 519.126,745.427 | 512.5,746.0 | blue
512.5,746.0 | 496.472,746.154 | 480.472,746.821 | 464.5,748.0 | pink
464.5,748.0 | 441.197,754.323 | 418.197,761.656 | 395.5,770.0 | red
395.5,770.0 | 335.167,786.367 | 273.834,792.033 | 211.5,787.0 | orange
211.5,787.0 | 186.405,784.726 | 162.405,778.393 | 139.5,768.0 | yellow
139.5,768.0 | 102.229,746.637 | 087.395,714.471 | 095.0,671.5 | green
095.0,671.5 | 101.130,628.997 | 105.797,586.330 | 109.0,543.5 | blue
109.0,543.5 | 111.203,511.138 | 110.869,478.805 | 108.0,446.5 | pink
108.0,446.5 | 105.075,418.658 | 094.075,394.658 | 075.0,374.5 | red
075.0,374.5 | 059.714,352.079 | 054.381,327.412 | 059.0,300.5 | orange
059.0,300.5 | 062.394,287.709 | 068.394,276.376 | 077.0,266.5 | yellow
077.0,266.5 | 089.701,253.467 | 102.034,240.134 | 114.0,226.5 | green
114.0,226.5 | 120.610,217.280 | 125.610,207.280 | 129.0,196.5 | blue
129.0,196.5 | 130.000,185.500 | 131.000,174.500 | 132.0,163.5 | pink
132.0,163.5 | 132.884,155.835 | 135.884,149.169 | 141.0,143.5 | red
141.0,143.5 | 163.690,119.562 | 190.523,101.729 | 221.5,090.0 | orange
221.5,090.0 | 233.967,085.383 | 246.634,081.383 | 259.5,078.0 | yellow
259.5,078.0 | 272.091,076.105 | 284.757,075.271 | 297.5,075.5 | green
297.5,075.5 | 324.530,076.427 | 351.530,077.927 | 378.5,080.0 | blue
378.5,080.0 | 402.245,080.885 | 425.912,079.885 | 449.5,077.0 | pink
449.5,077.0 | 473.785,073.008 | 498.118,069.341 | 522.5,066.0 | red
522.5,066.0 | 582.334,057.500 | 638.001,068.833 | 689.5,100.0 | orange
689.5,100.0 | 717.412,118.541 | 745.578,136.707 | 774.0,154.5 | yellow
774.0,154.5 | 778.721,151.618 | 779.721,147.618 | 777.0,142.5 | green
777.0,142.5 | 747.187,115.703 | 714.354,093.203 | 678.5,075.0 | blue
678.5,075.0 | 641.540,057.941 | 602.706,049.441 | 562.0,049.5 | pink
562.0,049.5 | 541.225,051.354 | 520.392,053.187 | 499.5,055.0 | red
499.5,055.0 | 472.206,058.662 | 444.873,061.995 | 417.5,065.0 | orange
417.5,065.0 | 395.491,066.887 | 373.491,066.887 | 351.5,065.0 | yellow
351.5,065.0 | 381.218,061.410 | 410.885,057.410 | 440.5,053.0 | green
440.5,053.0 | 474.051,050.136 | 507.384,046.636 | 540.5,042.5 | blue


Region: 01  | Segments: 18    | Area: 6437.819
S           | A               | B               | E           | Color
530.5,082.5 | 608.642,078.163 | 678.308,099.996 | 739.5,148.0 | black
739.5,148.0 | 747.539,154.372 | 754.539,161.705 | 760.5,170.0 | red
760.5,170.0 | 759.663,171.011 | 759.330,172.178 | 759.5,173.5 | orange
759.5,173.5 | 756.375,173.135 | 753.375,172.302 | 750.5,171.0 | yellow
750.5,171.0 | 697.470,128.641 | 637.137,102.975 | 569.5,094.0 | green
569.5,094.0 | 549.165,092.019 | 528.832,092.019 | 508.5,094.0 | blue
508.5,094.0 | 482.775,097.612 | 457.108,101.612 | 431.5,106.0 | pink
431.5,106.0 | 400.605,110.393 | 369.605,111.393 | 338.5,109.0 | red
338.5,109.0 | 315.216,105.983 | 291.883,103.483 | 268.5,101.5 | orange
268.5,101.5 | 260.759,101.630 | 253.092,102.463 | 245.5,104.0 | yellow
245.5,104.0 | 238.562,106.480 | 231.562,108.647 | 224.5,110.5 | green
224.5,110.5 | 223.424,104.488 | 225.758,099.988 | 231.5,097.0 | blue
231.5,097.0 | 235.281,094.775 | 239.281,093.109 | 243.5,092.0 | pink
243.5,092.0 | 250.735,091.302 | 257.902,090.468 | 265.0,089.5 | red
265.0,089.5 | 289.245,091.622 | 313.411,094.789 | 337.5,099.0 | orange
337.5,099.0 | 359.857,100.989 | 382.191,100.655 | 404.5,098.0 | yellow
404.5,098.0 | 436.833,093.667 | 469.166,089.333 | 501.5,085.0 | green
501.5,085.0 | 511.322,084.181 | 520.989,083.348 | 530.5,082.5 | blue


Region: 02  | Segments: 11    | Area: 2304.777
S           | A               | B               | E           | Color
546.5,114.5 | 578.454,113.559 | 610.121,116.059 | 641.5,122.0 | black
641.5,122.0 | 665.796,127.151 | 687.796,137.151 | 707.5,152.0 | red
707.5,152.0 | 715.343,158.502 | 721.677,166.168 | 726.5,175.0 | orange
726.5,175.0 | 725.663,176.011 | 725.330,177.178 | 725.5,178.5 | yellow
725.5,178.5 | 723.146,178.162 | 720.813,177.662 | 718.5,177.0 | green
718.5,177.0 | 697.802,156.309 | 673.136,142.309 | 644.5,135.0 | blue
644.5,135.0 | 628.403,130.714 | 612.070,127.714 | 595.5,126.0 | pink
595.5,126.0 | 568.147,124.407 | 540.814,122.740 | 513.5,121.0 | red
513.5,121.0 | 512.359,120.259 | 512.359,119.425 | 513.5,118.5 | orange
513.5,118.5 | 514.729,117.719 | 516.062,117.219 | 517.5,117.0 | yellow
517.5,117.0 | 527.322,116.181 | 536.989,115.348 | 546.5,114.5 | green


Region: 03  | Segments: 08    | Area: 2201.923
S           | A               | B               | E           | Color
300.5,124.5 | 320.274,123.981 | 339.940,125.148 | 359.5,128.0 | black
359.5,128.0 | 366.273,129.146 | 372.606,131.480 | 378.5,135.0 | red
378.5,135.0 | 387.486,142.663 | 386.153,145.996 | 374.5,145.0 | orange
374.5,145.0 | 339.852,135.806 | 304.852,134.140 | 269.5,140.0 | yellow
269.5,140.0 | 244.927,145.346 | 227.093,159.179 | 216.0,181.5 | green
216.0,181.5 | 212.326,175.590 | 211.992,169.256 | 215.0,162.5 | blue
215.0,162.5 | 218.725,154.108 | 224.559,147.608 | 232.5,143.0 | pink
232.5,143.0 | 253.842,131.500 | 276.508,125.334 | 300.5,124.5 | red


Region: 04  | Segments: 06    | Area: 649.910
S           | A               | B               | E           | Color
526.5,126.5 | 528.487,127.164 | 530.154,128.331 | 531.5,130.0 | black
531.5,130.0 | 524.578,136.918 | 518.411,144.418 | 513.0,152.5 | red
513.0,152.5 | 508.821,161.390 | 506.154,170.723 | 505.0,180.5 | orange
505.0,180.5 | 503.126,182.776 | 501.459,182.443 | 500.0,179.5 | yellow
500.0,179.5 | 496.345,165.086 | 498.345,151.419 | 506.0,138.5 | green
506.0,138.5 | 511.773,132.535 | 518.607,128.535 | 526.5,126.5 | blue


Region: 05  | Segments: 06    | Area: 652.826
S           | A               | B               | E           | Color
353.5,157.5 | 364.533,154.879 | 371.700,158.879 | 375.0,169.5 | black
375.0,169.5 | 378.435,184.904 | 378.268,200.238 | 374.5,215.5 | red
374.5,215.5 | 372.799,215.966 | 371.299,215.966 | 370.0,215.5 | orange
370.0,215.5 | 368.261,204.236 | 366.928,192.902 | 366.0,181.5 | yellow
366.0,181.5 | 364.216,173.717 | 360.049,167.550 | 353.5,163.0 | green
353.5,163.0 | 352.851,161.310 | 352.851,159.477 | 353.5,157.5 | blue


Region: 06  | Segments: 26    | Area: 11427.325
S           | A               | B               | E           | Color
603.5,182.5 | 638.580,179.147 | 671.246,186.314 | 701.5,204.0 | black
701.5,204.0 | 716.135,214.570 | 726.135,228.570 | 731.5,246.0 | red
731.5,246.0 | 726.676,252.082 | 720.343,255.582 | 712.5,256.5 | orange
712.5,256.5 | 711.216,243.099 | 705.550,231.932 | 695.5,223.0 | yellow
695.5,223.0 | 689.258,221.630 | 682.925,221.130 | 676.5,221.5 | green
676.5,221.5 | 678.182,227.822 | 681.682,233.155 | 687.0,237.5 | blue
687.0,237.5 | 690.419,242.668 | 693.585,248.002 | 696.5,253.5 | pink
696.5,253.5 | 696.000,253.833 | 695.500,254.167 | 695.0,254.5 | red
695.0,254.5 | 657.396,243.506 | 619.896,244.006 | 582.5,256.0 | orange
582.5,256.0 | 570.046,259.814 | 557.879,264.314 | 546.0,269.5 | yellow
546.0,269.5 | 539.404,265.997 | 534.904,260.663 | 532.5,253.5 | green
532.5,253.5 | 536.192,252.436 | 539.858,251.270 | 543.5,250.0 | blue
543.5,250.0 | 552.167,245.333 | 560.833,240.667 | 569.5,236.0 | pink
569.5,236.0 | 576.996,233.584 | 584.662,231.917 | 592.5,231.0 | red
592.5,231.0 | 593.624,230.161 | 594.291,228.994 | 594.5,227.5 | orange
594.5,227.5 | 593.701,220.669 | 592.201,214.003 | 590.0,207.5 | yellow
590.0,207.5 | 587.749,203.874 | 584.582,202.707 | 580.5,204.0 | green
580.5,204.0 | 567.728,209.258 | 554.728,213.924 | 541.5,218.0 | blue
541.5,218.0 | 532.570,221.923 | 525.070,227.756 | 519.0,235.5 | pink
519.0,235.5 | 509.430,251.197 | 512.263,264.197 | 527.5,274.5 | red
527.5,274.5 | 528.386,275.325 | 528.719,276.325 | 528.5,277.5 | orange
528.5,277.5 | 524.661,279.167 | 520.661,279.667 | 516.5,279.0 | yellow
516.5,279.0 | 504.034,274.200 | 495.201,265.700 | 490.0,253.5 | green
490.0,253.5 | 487.242,243.193 | 489.242,233.860 | 496.0,225.5 | blue
496.0,225.5 | 508.745,212.869 | 523.579,203.369 | 540.5,197.0 | pink
540.5,197.0 | 560.923,189.020 | 581.923,184.186 | 603.5,182.5 | red


Region: 07  | Segments: 39    | Area: 12382.698
S           | A               | B               | E           | Color
273.5,206.5 | 312.958,204.378 | 348.291,215.212 | 379.5,239.0 | black
379.5,239.0 | 381.126,241.628 | 383.126,243.961 | 385.5,246.0 | red
385.5,246.0 | 392.476,245.395 | 399.476,244.562 | 406.5,243.5 | orange
406.5,243.5 | 419.625,244.244 | 422.291,249.744 | 414.5,260.0 | yellow
414.5,260.0 | 405.347,264.329 | 396.180,268.495 | 387.0,272.5 | green
387.0,272.5 | 386.153,289.845 | 385.153,307.179 | 384.0,324.5 | blue
384.0,324.5 | 373.252,331.791 | 362.419,338.958 | 351.5,346.0 | pink
351.5,346.0 | 347.667,349.833 | 343.833,353.667 | 340.0,357.5 | red
340.0,357.5 | 339.238,363.000 | 340.572,368.000 | 344.0,372.5 | orange
344.0,372.5 | 353.167,387.000 | 365.000,398.833 | 379.5,408.0 | yellow
379.5,408.0 | 382.030,409.422 | 384.697,409.755 | 387.5,409.0 | green
387.5,409.0 | 393.657,405.171 | 400.157,402.005 | 407.0,399.5 | blue
407.0,399.5 | 409.577,400.271 | 412.077,401.271 | 414.5,402.5 | pink
414.5,402.5 | 411.861,409.112 | 408.694,415.446 | 405.0,421.5 | red
405.0,421.5 | 396.779,428.744 | 387.613,430.578 | 377.5,427.0 | orange
377.5,427.0 | 369.507,423.675 | 362.174,419.341 | 355.5,414.0 | yellow
355.5,414.0 | 343.958,402.792 | 332.791,391.292 | 322.0,379.5 | green
322.0,379.5 | 318.569,381.261 | 315.403,383.428 | 312.5,386.0 | blue
312.5,386.0 | 309.269,387.466 | 305.935,388.633 | 302.5,389.5 | pink
302.5,389.5 | 302.256,384.372 | 300.756,379.705 | 298.0,375.5 | red
298.0,375.5 | 297.196,374.196 | 296.029,373.529 | 294.5,373.5 | orange
294.5,373.5 | 291.803,374.232 | 289.136,375.066 | 286.5,376.0 | yellow
286.5,376.0 | 278.525,381.136 | 270.192,385.636 | 261.5,389.5 | green
261.5,389.5 | 260.792,387.108 | 261.458,384.941 | 263.5,383.0 | blue
263.5,383.0 | 274.437,376.393 | 285.104,369.393 | 295.5,362.0 | pink
295.5,362.0 | 318.050,344.449 | 340.884,327.282 | 364.0,310.5 | red
364.0,310.5 | 364.667,298.167 | 364.667,285.833 | 364.0,273.5 | orange
364.0,273.5 | 360.764,270.129 | 356.931,267.629 | 352.5,266.0 | yellow
352.5,266.0 | 345.337,263.376 | 338.004,261.376 | 330.5,260.0 | green
330.5,260.0 | 305.604,256.453 | 280.604,253.953 | 255.5,252.5 | blue
255.5,252.5 | 255.500,251.500 | 255.500,250.500 | 255.5,249.5 | pink
255.5,249.5 | 267.089,243.543 | 279.089,238.377 | 291.5,234.0 | red
291.5,234.0 | 293.500,232.333 | 295.500,230.667 | 297.5,229.0 | orange
297.5,229.0 | 278.947,223.914 | 261.280,226.247 | 244.5,236.0 | yellow
244.5,236.0 | 240.633,240.202 | 236.467,244.035 | 232.0,247.5 | green
232.0,247.5 | 228.435,246.199 | 224.935,244.699 | 221.5,243.0 | blue
221.5,243.0 | 220.833,242.000 | 220.167,241.000 | 219.5,240.0 | pink
219.5,240.0 | 222.420,231.160 | 227.753,224.160 | 235.5,219.0 | red
235.5,219.0 | 247.187,211.493 | 259.854,207.326 | 273.5,206.5 | orange


Region: 08  | Segments: 10    | Area: 764.183
S           | A               | B               | E           | Color
743.5,227.5 | 752.391,228.245 | 761.058,230.078 | 769.5,233.0 | black
769.5,233.0 | 775.196,233.170 | 780.862,233.670 | 786.5,234.5 | red
786.5,234.5 | 784.905,237.680 | 783.905,241.013 | 783.5,244.5 | orange
783.5,244.5 | 778.968,245.763 | 774.635,247.597 | 770.5,250.0 | yellow
770.5,250.0 | 766.173,253.499 | 761.506,256.499 | 756.5,259.0 | green
756.5,259.0 | 753.833,259.667 | 751.167,259.667 | 748.5,259.0 | blue
748.5,259.0 | 746.783,257.441 | 744.783,256.608 | 742.5,256.5 | pink
742.5,256.5 | 744.588,251.882 | 747.754,247.882 | 752.0,244.5 | red
752.0,244.5 | 754.715,237.317 | 752.215,232.651 | 744.5,230.5 | orange
744.5,230.5 | 743.614,229.675 | 743.281,228.675 | 743.5,227.5 | yellow


Region: 09  | Segments: 10    | Area: 2020.604
S           | A               | B               | E           | Color
158.5,235.5 | 171.169,235.767 | 183.836,236.100 | 196.5,236.5 | black
196.5,236.5 | 196.500,237.500 | 196.500,238.500 | 196.5,239.5 | red
196.5,239.5 | 169.358,237.496 | 143.358,241.996 | 118.5,253.0 | orange
118.5,253.0 | 075.315,275.503 | 062.148,310.003 | 079.0,356.5 | yellow
079.0,356.5 | 085.367,370.935 | 096.200,380.102 | 111.5,384.0 | green
111.5,384.0 | 119.328,386.663 | 124.662,391.829 | 127.5,399.5 | blue
127.5,399.5 | 111.016,398.007 | 097.183,391.007 | 086.0,378.5 | pink
086.0,378.5 | 066.491,353.464 | 060.491,325.464 | 068.0,294.5 | red
068.0,294.5 | 078.205,266.633 | 097.705,248.800 | 126.5,241.0 | orange
126.5,241.0 | 137.189,238.453 | 147.856,236.620 | 158.5,235.5 | yellow


Region: 10  | Segments: 08    | Area: 867.454
S           | A               | B               | E           | Color
848.5,238.5 | 861.438,239.360 | 874.438,240.193 | 887.5,241.0 | black
887.5,241.0 | 904.029,243.766 | 919.029,250.099 | 932.5,260.0 | red
932.5,260.0 | 938.081,267.828 | 943.415,275.828 | 948.5,284.0 | orange
948.5,284.0 | 947.667,285.500 | 946.500,286.667 | 945.0,287.5 | yellow
945.0,287.5 | 928.035,264.244 | 905.202,250.411 | 876.5,246.0 | green
876.5,246.0 | 862.789,245.243 | 849.122,244.076 | 835.5,242.5 | blue
835.5,242.5 | 833.431,242.176 | 833.098,241.342 | 834.5,240.0 | pink
834.5,240.0 | 839.351,239.826 | 844.018,239.326 | 848.5,238.5 | red


Region: 11  | Segments: 15    | Area: 8314.741
S           | A               | B               | E           | Color
814.5,256.5 | 844.268,254.105 | 870.935,261.938 | 894.5,280.0 | black
894.5,280.0 | 925.103,310.985 | 929.603,345.485 | 908.0,383.5 | red
908.0,383.5 | 904.390,390.272 | 899.557,395.938 | 893.5,400.5 | orange
893.5,400.5 | 890.072,390.933 | 890.238,381.266 | 894.0,371.5 | yellow
894.0,371.5 | 910.753,334.793 | 902.586,305.293 | 869.5,283.0 | green
869.5,283.0 | 853.576,275.835 | 836.909,273.502 | 819.5,276.0 | blue
819.5,276.0 | 816.363,276.601 | 813.363,277.601 | 810.5,279.0 | pink
810.5,279.0 | 791.052,295.220 | 768.719,305.220 | 743.5,309.0 | red
743.5,309.0 | 716.062,314.798 | 688.729,313.798 | 661.5,306.0 | orange
661.5,306.0 | 637.941,299.276 | 624.608,283.776 | 621.5,259.5 | yellow
621.5,259.5 | 621.833,258.833 | 622.167,258.167 | 622.5,257.5 | green
622.5,257.5 | 637.095,262.793 | 650.095,270.626 | 661.5,281.0 | blue
661.5,281.0 | 683.280,295.956 | 706.613,298.623 | 731.5,289.0 | pink
731.5,289.0 | 749.710,279.728 | 768.044,270.728 | 786.5,262.0 | red
786.5,262.0 | 795.829,259.394 | 805.162,257.560 | 814.5,256.5 | orange


Region: 12  | Segments: 11    | Area: 1465.133
S           | A               | B               | E           | Color
130.5,261.5 | 135.800,262.926 | 136.634,265.592 | 133.0,269.5 | black
133.0,269.5 | 126.000,275.833 | 119.000,282.167 | 112.0,288.5 | red
112.0,288.5 | 103.392,297.396 | 099.558,308.062 | 100.5,320.5 | orange
100.5,320.5 | 100.282,327.968 | 101.116,335.301 | 103.0,342.5 | yellow
103.0,342.5 | 108.198,348.033 | 113.698,353.200 | 119.5,358.0 | green
119.5,358.0 | 121.818,359.993 | 124.484,361.159 | 127.5,361.5 | blue
127.5,361.5 | 128.052,363.331 | 128.052,364.997 | 127.5,366.5 | pink
127.5,366.5 | 110.136,371.232 | 098.970,364.899 | 094.0,347.5 | red
094.0,347.5 | 093.101,340.027 | 092.601,332.527 | 092.5,325.0 | orange
092.5,325.0 | 093.246,309.799 | 094.412,294.632 | 096.0,279.5 | yellow
096.0,279.5 | 107.325,273.088 | 118.825,267.088 | 130.5,261.5 | green


Region: 13  | Segments: 12    | Area: 3751.000
S           | A               | B               | E           | Color
156.5,282.5 | 188.599,281.922 | 217.265,291.422 | 242.5,311.0 | black
242.5,311.0 | 245.303,311.755 | 247.970,311.422 | 250.5,310.0 | red
250.5,310.0 | 257.892,302.787 | 266.558,299.287 | 276.5,299.5 | orange
276.5,299.5 | 278.182,308.086 | 276.516,316.086 | 271.5,323.5 | yellow
271.5,323.5 | 259.728,330.110 | 247.062,333.276 | 233.5,333.0 | green
233.5,333.0 | 226.833,333.667 | 220.167,333.667 | 213.5,333.0 | blue
213.5,333.0 | 212.234,332.691 | 211.067,332.191 | 210.0,331.5 | pink
210.0,331.5 | 204.048,307.264 | 188.881,298.431 | 164.5,305.0 | red
164.5,305.0 | 149.842,307.565 | 135.175,310.065 | 120.5,312.5 | orange
120.5,312.5 | 119.833,312.167 | 119.167,311.833 | 118.5,311.5 | yellow
118.5,311.5 | 121.372,304.247 | 125.372,297.747 | 130.5,292.0 | green
130.5,292.0 | 138.584,286.771 | 147.251,283.605 | 156.5,282.5 | blue


Region: 14  | Segments: 23    | Area: 14502.532
S           | A               | B               | E           | Color
815.5,292.5 | 819.230,292.854 | 822.563,294.187 | 825.5,296.5 | black
825.5,296.5 | 829.837,306.672 | 829.671,317.006 | 825.0,327.5 | red
825.0,327.5 | 821.941,334.559 | 817.108,340.059 | 810.5,344.0 | orange
810.5,344.0 | 800.227,346.536 | 790.227,349.869 | 780.5,354.0 | yellow
780.5,354.0 | 763.678,365.746 | 745.678,375.413 | 726.5,383.0 | green
726.5,383.0 | 721.672,386.581 | 716.672,389.915 | 711.5,393.0 | blue
711.5,393.0 | 695.481,396.537 | 679.481,400.204 | 663.5,404.0 | pink
663.5,404.0 | 634.242,414.086 | 604.575,422.753 | 574.5,430.0 | red
574.5,430.0 | 568.051,432.391 | 561.718,435.058 | 555.5,438.0 | orange
555.5,438.0 | 526.136,444.206 | 496.803,450.539 | 467.5,457.0 | yellow
467.5,457.0 | 452.577,458.998 | 437.577,459.998 | 422.5,460.0 | green
422.5,460.0 | 406.072,463.011 | 389.572,464.844 | 373.0,465.5 | blue
373.0,465.5 | 347.483,464.115 | 321.983,461.949 | 296.5,459.0 | pink
296.5,459.0 | 286.227,456.464 | 276.227,453.131 | 266.5,449.0 | red
266.5,449.0 | 263.240,448.216 | 260.073,448.383 | 257.0,449.5 | orange
257.0,449.5 | 237.360,441.680 | 218.693,432.013 | 201.0,420.5 | yellow
201.0,420.5 | 195.662,409.842 | 194.496,398.842 | 197.5,387.5 | green
197.5,387.5 | 209.750,400.580 | 224.083,410.747 | 240.5,418.0 | blue
240.5,418.0 | 295.735,440.073 | 353.069,448.740 | 412.5,444.0 | pink
412.5,444.0 | 476.393,439.527 | 538.393,426.194 | 598.5,404.0 | red
598.5,404.0 | 649.399,385.050 | 699.732,364.716 | 749.5,343.0 | orange
749.5,343.0 | 769.102,335.278 | 788.602,327.444 | 808.0,319.5 | yellow
808.0,319.5 | 810.041,310.330 | 812.541,301.330 | 815.5,292.5 | green


Region: 15  | Segments: 10    | Area: 1588.256
S           | A               | B               | E           | Color
949.5,311.5 | 951.229,312.117 | 952.729,313.117 | 954.0,314.5 | black
954.0,314.5 | 955.356,320.666 | 956.522,326.833 | 957.5,333.0 | red
957.5,333.0 | 954.701,356.627 | 950.868,380.127 | 946.0,403.5 | orange
946.0,403.5 | 934.077,414.411 | 920.410,422.411 | 905.0,427.5 | yellow
905.0,427.5 | 903.644,426.620 | 902.144,426.286 | 900.5,426.5 | green
900.5,426.5 | 899.629,423.938 | 899.629,421.272 | 900.5,418.5 | blue
900.5,418.5 | 911.815,414.913 | 920.982,408.246 | 928.0,398.5 | pink
928.0,398.5 | 936.488,385.042 | 941.821,370.375 | 944.0,354.5 | red
944.0,354.5 | 945.475,340.536 | 946.309,326.536 | 946.5,312.5 | orange
946.5,312.5 | 947.791,312.737 | 948.791,312.404 | 949.5,311.5 | yellow


Region: 16  | Segments: 94    | Area: 50616.556
S           | A               | B               | E           | Color
173.5,322.5 | 176.930,322.107 | 180.096,322.773 | 183.0,324.5 | black
183.0,324.5 | 186.104,329.036 | 187.770,334.036 | 188.0,339.5 | red
188.0,339.5 | 188.667,346.833 | 188.667,354.167 | 188.0,361.5 | orange
188.0,361.5 | 183.899,374.907 | 180.899,388.573 | 179.0,402.5 | yellow
179.0,402.5 | 177.661,423.961 | 178.661,445.294 | 182.0,466.5 | green
182.0,466.5 | 184.346,471.513 | 188.013,475.179 | 193.0,477.5 | blue
193.0,477.5 | 193.500,477.167 | 194.000,476.833 | 194.5,476.5 | pink
194.5,476.5 | 198.064,463.345 | 200.731,450.012 | 202.5,436.5 | red
202.5,436.5 | 208.130,437.482 | 213.130,439.815 | 217.5,443.5 | orange
217.5,443.5 | 217.698,457.717 | 219.531,471.717 | 223.0,485.5 | yellow
223.0,485.5 | 223.519,486.516 | 224.353,487.182 | 225.5,487.5 | green
225.5,487.5 | 231.973,488.428 | 238.306,489.928 | 244.5,492.0 | blue
244.5,492.0 | 246.500,492.667 | 248.500,492.667 | 250.5,492.0 | pink
250.5,492.0 | 251.622,488.582 | 251.289,485.249 | 249.5,482.0 | red
249.5,482.0 | 251.617,474.592 | 254.450,467.426 | 258.0,460.5 | orange
258.0,460.5 | 259.333,459.833 | 260.667,459.167 | 262.0,458.5 | yellow
262.0,458.5 | 267.544,460.071 | 273.044,461.737 | 278.5,463.5 | green
278.5,463.5 | 277.182,472.273 | 274.848,480.773 | 271.5,489.0 | blue
271.5,489.0 | 271.613,490.280 | 272.280,491.113 | 273.5,491.5 | pink
273.5,491.5 | 284.246,494.883 | 295.246,497.049 | 306.5,498.0 | red
306.5,498.0 | 320.496,498.500 | 334.496,498.667 | 348.5,498.5 | orange
348.5,498.5 | 349.240,490.188 | 349.573,481.854 | 349.5,473.5 | yellow
349.5,473.5 | 357.860,473.169 | 366.193,473.502 | 374.5,474.5 | green
374.5,474.5 | 371.575,480.608 | 369.242,486.941 | 367.5,493.5 | blue
367.5,493.5 | 367.590,495.425 | 368.590,496.592 | 370.5,497.0 | pink
370.5,497.0 | 393.781,498.459 | 417.114,498.959 | 440.5,498.5 | red
440.5,498.5 | 440.500,488.833 | 440.500,479.167 | 440.5,469.5 | orange
440.5,469.5 | 446.833,469.500 | 453.167,469.500 | 459.5,469.5 | yellow
459.5,469.5 | 459.500,479.167 | 459.500,488.833 | 459.5,498.5 | green
459.5,498.5 | 473.504,498.667 | 487.504,498.500 | 501.5,498.0 | blue
501.5,498.0 | 524.134,494.632 | 546.300,489.466 | 568.0,482.5 | pink
568.0,482.5 | 567.809,470.686 | 566.309,459.019 | 563.5,447.5 | red
563.5,447.5 | 570.355,445.105 | 577.355,443.105 | 584.5,441.5 | orange
584.5,441.5 | 585.530,451.294 | 587.364,460.961 | 590.0,470.5 | yellow
590.0,470.5 | 590.725,471.059 | 591.558,471.392 | 592.5,471.5 | green
592.5,471.5 | 610.973,465.381 | 629.640,459.881 | 648.5,455.0 | blue
648.5,455.0 | 666.857,450.575 | 682.357,441.408 | 695.0,427.5 | pink
695.0,427.5 | 699.226,421.716 | 702.392,415.382 | 704.5,408.5 | red
704.5,408.5 | 711.885,405.974 | 718.885,402.641 | 725.5,398.5 | orange
725.5,398.5 | 726.498,406.472 | 726.831,414.472 | 726.5,422.5 | yellow
726.5,422.5 | 748.468,420.010 | 769.135,413.510 | 788.5,403.0 | green
788.5,403.0 | 801.230,393.601 | 811.063,381.768 | 818.0,367.5 | blue
818.0,367.5 | 827.175,357.991 | 836.008,348.157 | 844.5,338.0 | pink
844.5,338.0 | 847.167,337.333 | 849.833,337.333 | 852.5,338.0 | red
852.5,338.0 | 862.804,343.060 | 872.304,349.226 | 881.0,356.5 | orange
881.0,356.5 | 882.833,360.167 | 884.667,363.833 | 886.5,367.5 | yellow
886.5,367.5 | 882.833,367.833 | 879.167,368.167 | 875.5,368.5 | green
875.5,368.5 | 865.795,367.722 | 856.128,366.888 | 846.5,366.0 | blue
846.5,366.0 | 834.419,376.489 | 831.086,389.322 | 836.5,404.5 | pink
836.5,404.5 | 811.142,418.178 | 784.808,429.678 | 757.5,439.0 | red
757.5,439.0 | 744.949,444.554 | 734.449,452.721 | 726.0,463.5 | orange
726.0,463.5 | 724.725,465.717 | 723.725,468.051 | 723.0,470.5 | yellow
723.0,470.5 | 723.742,485.351 | 717.909,496.685 | 705.5,504.5 | green
705.5,504.5 | 702.585,494.684 | 700.418,484.684 | 699.0,474.5 | blue
699.0,474.5 | 698.804,472.714 | 697.971,471.381 | 696.5,470.5 | pink
696.5,470.5 | 666.636,487.733 | 634.970,500.567 | 601.5,509.0 | red
601.5,509.0 | 599.202,520.952 | 600.702,532.452 | 606.0,543.5 | orange
606.0,543.5 | 609.707,550.414 | 613.540,557.248 | 617.5,564.0 | yellow
617.5,564.0 | 611.145,568.848 | 604.145,572.681 | 596.5,575.5 | green
596.5,575.5 | 592.890,565.611 | 588.723,555.944 | 584.0,546.5 | blue
584.0,546.5 | 580.567,537.100 | 578.233,527.433 | 577.0,517.5 | pink
577.0,517.5 | 576.481,516.484 | 575.647,515.818 | 574.5,515.5 | red
574.5,515.5 | 544.757,530.103 | 513.423,539.437 | 480.5,543.5 | orange
480.5,543.5 | 479.359,562.205 | 480.026,580.871 | 482.5,599.5 | yellow
482.5,599.5 | 475.278,600.127 | 468.278,601.794 | 461.5,604.5 | green
461.5,604.5 | 460.066,586.857 | 459.066,569.191 | 458.5,551.5 | blue
458.5,551.5 | 445.232,553.987 | 431.898,556.153 | 418.5,558.0 | pink
418.5,558.0 | 405.863,559.227 | 393.197,559.727 | 380.5,559.5 | red
380.5,559.5 | 381.488,575.775 | 384.155,591.775 | 388.5,607.5 | orange
388.5,607.5 | 381.916,607.733 | 375.249,607.733 | 368.5,607.5 | yellow
368.5,607.5 | 366.829,585.009 | 355.495,569.843 | 334.5,562.0 | green
334.5,562.0 | 327.500,561.333 | 320.500,561.333 | 313.5,562.0 | blue
313.5,562.0 | 310.766,562.210 | 308.266,563.044 | 306.0,564.5 | pink
306.0,564.5 | 305.389,568.682 | 306.056,572.682 | 308.0,576.5 | red
308.0,576.5 | 312.500,586.167 | 317.000,595.833 | 321.5,605.5 | orange
321.5,605.5 | 320.667,605.833 | 319.833,606.167 | 319.0,606.5 | yellow
319.0,606.5 | 311.147,605.598 | 303.314,604.598 | 295.5,603.5 | green
295.5,603.5 | 292.961,596.750 | 290.128,590.083 | 287.0,583.5 | blue
287.0,583.5 | 285.812,578.049 | 284.312,572.716 | 282.5,567.5 | pink
282.5,567.5 | 275.066,565.300 | 267.733,562.800 | 260.5,560.0 | red
260.5,560.0 | 257.183,559.502 | 253.850,559.335 | 250.5,559.5 | orange
250.5,559.5 | 250.351,562.607 | 250.851,565.607 | 252.0,568.5 | yellow
252.0,568.5 | 258.115,576.391 | 262.948,585.058 | 266.5,594.5 | green
266.5,594.5 | 266.167,594.833 | 265.833,595.167 | 265.5,595.5 | blue
265.5,595.5 | 256.340,593.116 | 247.007,591.783 | 237.5,591.5 | pink
237.5,591.5 | 235.060,573.763 | 226.060,560.763 | 210.5,552.5 | red
210.5,552.5 | 210.335,555.850 | 210.502,559.183 | 211.0,562.5 | orange
211.0,562.5 | 214.191,568.906 | 216.691,575.573 | 218.5,582.5 | yellow
218.5,582.5 | 211.282,582.220 | 205.116,579.220 | 200.0,573.5 | green
200.0,573.5 | 192.667,564.167 | 185.333,554.833 | 178.0,545.5 | blue
178.0,545.5 | 170.584,532.999 | 162.917,520.665 | 155.0,508.5 | pink
155.0,508.5 | 147.258,496.273 | 142.924,482.940 | 142.0,468.5 | red
142.0,468.5 | 138.216,425.433 | 147.216,385.100 | 169.0,347.5 | orange
169.0,347.5 | 169.716,338.953 | 171.216,330.619 | 173.5,322.5 | yellow


Region: 17  | Segments: 13    | Area: 2282.470
S           | A               | B               | E           | Color
512.5,332.5 | 527.683,331.296 | 541.683,334.796 | 554.5,343.0 | black
554.5,343.0 | 557.000,344.167 | 558.833,346.000 | 560.0,348.5 | red
560.0,348.5 | 560.652,353.077 | 561.485,357.577 | 562.5,362.0 | orange
562.5,362.0 | 561.125,370.480 | 559.625,378.980 | 558.0,387.5 | yellow
558.0,387.5 | 552.582,403.795 | 541.415,409.462 | 524.5,404.5 | green
524.5,404.5 | 524.057,398.328 | 525.557,392.662 | 529.0,387.5 | blue
529.0,387.5 | 534.333,383.500 | 539.000,378.833 | 543.0,373.5 | pink
543.0,373.5 | 543.667,370.500 | 543.667,367.500 | 543.0,364.5 | red
543.0,364.5 | 540.872,361.370 | 538.372,358.537 | 535.5,356.0 | orange
535.5,356.0 | 524.581,353.897 | 513.581,352.231 | 502.5,351.0 | yellow
502.5,351.0 | 499.990,350.624 | 497.657,349.790 | 495.5,348.5 | green
495.5,348.5 | 497.372,344.588 | 499.372,340.755 | 501.5,337.0 | blue
501.5,337.0 | 505.053,334.879 | 508.720,333.379 | 512.5,332.5 | pink


Region: 18  | Segments: 09    | Area: 817.857
S           | A               | B               | E           | Color
568.5,334.5 | 570.288,334.215 | 571.955,334.548 | 573.5,335.5 | black
573.5,335.5 | 573.823,341.643 | 576.490,346.476 | 581.5,350.0 | red
581.5,350.0 | 601.157,350.535 | 620.824,351.201 | 640.5,352.0 | orange
640.5,352.0 | 645.922,353.070 | 648.089,356.236 | 647.0,361.5 | yellow
647.0,361.5 | 646.000,362.167 | 645.000,362.833 | 644.0,363.5 | green
644.0,363.5 | 639.709,361.635 | 635.209,360.469 | 630.5,360.0 | blue
630.5,360.0 | 611.808,359.855 | 593.142,359.188 | 574.5,358.0 | pink
574.5,358.0 | 568.615,355.704 | 565.615,351.370 | 565.5,345.0 | red
565.5,345.0 | 566.435,341.497 | 567.435,337.997 | 568.5,334.5 | orange


Region: 19  | Segments: 07    | Area: 1455.479
S           | A               | B               | E           | Color
477.5,367.5 | 489.843,368.798 | 502.176,370.465 | 514.5,372.5 | black
514.5,372.5 | 514.124,380.188 | 513.457,387.854 | 512.5,395.5 | red
512.5,395.5 | 508.061,393.298 | 503.394,391.798 | 498.5,391.0 | orange
498.5,391.0 | 481.157,390.746 | 463.823,390.246 | 446.5,389.5 | yellow
446.5,389.5 | 444.500,389.167 | 442.500,388.833 | 440.5,388.5 | green
440.5,388.5 | 442.142,379.676 | 447.142,373.843 | 455.5,371.0 | blue
455.5,371.0 | 462.947,369.657 | 470.280,368.491 | 477.5,367.5 | pink


Region: 20  | Segments: 25    | Area: 18023.634
S           | A               | B               | E           | Color
804.5,436.5 | 805.376,436.369 | 806.043,436.702 | 806.5,437.5 | black
806.5,437.5 | 789.657,464.525 | 771.823,490.858 | 753.0,516.5 | red
753.0,516.5 | 723.152,549.514 | 687.985,575.347 | 647.5,594.0 | orange
647.5,594.0 | 597.793,616.428 | 545.793,630.762 | 491.5,637.0 | yellow
491.5,637.0 | 412.554,646.570 | 333.554,645.904 | 254.5,635.0 | green
254.5,635.0 | 229.484,631.773 | 206.151,623.773 | 184.5,611.0 | blue
184.5,611.0 | 178.667,606.500 | 173.500,601.333 | 169.0,595.5 | pink
169.0,595.5 | 154.840,573.190 | 146.340,548.856 | 143.5,522.5 | red
143.5,522.5 | 144.500,522.500 | 145.500,522.500 | 146.5,522.5 | orange
146.5,522.5 | 148.347,529.194 | 151.514,535.194 | 156.0,540.5 | yellow
156.0,540.5 | 166.666,554.979 | 178.166,568.813 | 190.5,582.0 | green
190.5,582.0 | 200.257,591.714 | 211.924,598.048 | 225.5,601.0 | blue
225.5,601.0 | 237.243,603.416 | 249.077,605.249 | 261.0,606.5 | pink
261.0,606.5 | 270.737,609.393 | 280.570,611.893 | 290.5,614.0 | red
290.5,614.0 | 306.500,615.667 | 322.500,617.333 | 338.5,619.0 | orange
338.5,619.0 | 375.973,619.180 | 413.306,619.180 | 450.5,619.0 | yellow
450.5,619.0 | 460.056,618.540 | 469.390,616.873 | 478.5,614.0 | green
478.5,614.0 | 505.001,613.728 | 531.001,610.061 | 556.5,603.0 | blue
556.5,603.0 | 571.500,598.000 | 586.500,593.000 | 601.5,588.0 | pink
601.5,588.0 | 620.270,579.449 | 638.603,570.115 | 656.5,560.0 | red
656.5,560.0 | 675.167,546.667 | 693.833,533.333 | 712.5,520.0 | orange
712.5,520.0 | 718.196,513.438 | 723.529,506.605 | 728.5,499.5 | yellow
728.5,499.5 | 738.499,492.905 | 747.665,485.238 | 756.0,476.5 | green
756.0,476.5 | 761.625,468.085 | 767.125,459.585 | 772.5,451.0 | blue
772.5,451.0 | 782.643,444.758 | 793.309,439.924 | 804.5,436.5 | pink


Region: 21  | Segments: 10    | Area: 3152.856
S           | A               | B               | E           | Color
728.5,588.5 | 733.318,589.296 | 734.651,591.962 | 732.5,596.5 | black
732.5,596.5 | 721.473,600.231 | 710.473,604.065 | 699.5,608.0 | red
699.5,608.0 | 669.678,622.744 | 640.011,637.744 | 610.5,653.0 | orange
610.5,653.0 | 563.615,672.555 | 514.948,685.555 | 464.5,692.0 | yellow
464.5,692.0 | 458.833,692.667 | 453.167,692.667 | 447.5,692.0 | green
447.5,692.0 | 437.438,691.316 | 437.104,689.649 | 446.5,687.0 | blue
446.5,687.0 | 478.712,684.424 | 510.045,677.758 | 540.5,667.0 | pink
540.5,667.0 | 558.060,660.553 | 575.393,653.553 | 592.5,646.0 | red
592.5,646.0 | 620.260,632.453 | 648.260,619.453 | 676.5,607.0 | orange
676.5,607.0 | 693.612,599.909 | 710.946,593.742 | 728.5,588.5 | yellow


Region: 22  | Segments: 13    | Area: 8575.237
S           | A               | B               | E           | Color
782.5,589.5 | 788.742,591.480 | 789.075,594.313 | 783.5,598.0 | black
783.5,598.0 | 718.887,636.770 | 650.220,666.437 | 577.5,687.0 | red
577.5,687.0 | 484.541,714.938 | 389.541,729.438 | 292.5,730.5 | orange
292.5,730.5 | 264.679,730.799 | 237.012,728.966 | 209.5,725.0 | yellow
209.5,725.0 | 191.134,721.659 | 174.134,714.992 | 158.5,705.0 | green
158.5,705.0 | 150.852,699.687 | 145.018,692.854 | 141.0,684.5 | blue
141.0,684.5 | 140.502,681.518 | 140.335,678.518 | 140.5,675.5 | pink
140.5,675.5 | 143.311,675.826 | 145.978,676.659 | 148.5,678.0 | red
148.5,678.0 | 167.660,692.579 | 188.994,702.912 | 212.5,709.0 | orange
212.5,709.0 | 245.632,717.447 | 279.298,721.280 | 313.5,720.5 | yellow
313.5,720.5 | 422.304,717.506 | 527.304,696.006 | 628.5,656.0 | green
628.5,656.0 | 660.953,641.274 | 693.287,626.274 | 725.5,611.0 | blue
725.5,611.0 | 744.168,602.654 | 763.168,595.487 | 782.5,589.5 | pink


Region: 23  | Segments: 09    | Area: 1722.161
S           | A               | B               | E           | Color
190.5,642.5 | 197.263,648.088 | 203.930,653.921 | 210.5,660.0 | black
210.5,660.0 | 226.722,670.635 | 244.388,677.968 | 263.5,682.0 | red
263.5,682.0 | 280.395,685.318 | 297.395,687.985 | 314.5,690.0 | orange
314.5,690.0 | 316.663,690.245 | 318.330,691.245 | 319.5,693.0 | yellow
319.5,693.0 | 310.788,694.766 | 301.954,695.933 | 293.0,696.5 | green
293.0,696.5 | 280.909,695.424 | 268.742,694.591 | 256.5,694.0 | blue
256.5,694.0 | 239.263,692.254 | 223.263,686.921 | 208.5,678.0 | pink
208.5,678.0 | 196.400,669.951 | 189.900,658.785 | 189.0,644.5 | red
189.0,644.5 | 189.717,643.956 | 190.217,643.289 | 190.5,642.5 | orange


Region: 24  | Segments: 08    | Area: 1127.983
S           | A               | B               | E           | Color
326.5,658.5 | 364.097,658.968 | 401.763,659.135 | 439.5,659.0 | black
439.5,659.0 | 442.833,659.333 | 446.167,659.667 | 449.5,660.0 | red
449.5,660.0 | 450.641,660.741 | 450.641,661.575 | 449.5,662.5 | orange
449.5,662.5 | 441.677,664.645 | 433.677,665.812 | 425.5,666.0 | yellow
425.5,666.0 | 391.049,669.242 | 356.716,669.575 | 322.5,667.0 | green
322.5,667.0 | 319.776,666.730 | 317.109,666.230 | 314.5,665.5 | blue
314.5,665.5 | 313.534,663.604 | 313.201,661.604 | 313.5,659.5 | pink
313.5,659.5 | 318.032,659.818 | 322.366,659.485 | 326.5,658.5 | red


total segments: 449
